
Numero Solution 0
x
2,79
7,66
63,69
65,75
67,72
70,64
71,76
73,82
74,80
77,67
81,68
y
2 |7 |63 |64 |65 |66 |67 |68 |69 |70 |71 |72 |73 |74 |75 |76 |77 |79 |80 |81 |82 |
Numero Solution 1
x
2,79
7,66
63,69
65,75
67,72
70,64
71,76
73,82
74,80
77,67
81,68
y
2 |7 |63 |64 |65 |66 |67 |68 |69 |70 |71 |72 |73 |74 |75 |76 |77 |79 |80 |81 |82 |
Numero Solution 2
x
2,79
7,66
63,69
65,75
67,72
70,64
71,76
73,82
74,80
77,67
81,68
y
2 |7 |63 |64 |65 |66 |67 |68 |69 |70 |71 |72 |73 |74 |75 |76 |77 |79 |80 |81 |82 |
Numero Solution 3
x
2,79
7,66
63,69
65,75
67,72
70,64
71,76
73,82
74,80
77,67
81,68
y
2 |7 |63 |64 |65 |66 |67 |68 |69 |70 |71 |72 |73 |74 |75 |76 |77 |79 |80 |81 |82 |
Numero Solution 4
x
2,79
7,66
63,69
65,75
67,72
70,64
71,76
73,82
74,80
77,67
81,68
y
2 |7 |63 |64 |65 |66 |67 |68 |69 |70 |71 |72 |73 |74 |75 |76 |77 |79 |80 |81 |82 |
Numero Solution 5
x
2,79
7,66
63,69
65,75
67,72
70,64
71,76
73,82
74,80
77,67
81,68
y
2 |7 |63 |64 |65 |66 |67 |68 |69 |70 |71 |72 |73 |74 |75 |76 |77 |79 |80 |81 |82 |
Numero Solution 6
x
2,79
7,66
63,69
65,75
67,72
70,64
71,76
73,82
74,80
77,67
81,68
y
2 |7 |63 |64 |65 |66 |67 |68 |69 |70 |71 |72 |73 |74 |75 |76 |77 |79 |80 |81 |82 |
Numero Solution 7
x
2,79
7,66
63,69
65,75
67,72
70,64
71,76
73,82
74,80
77,67
81,68
y
2 |7 |63 |64 |65 |66 |67 |68 |69 |70 |71 |72 |73 |74 |75 |76 |77 |79 |80 |81 |82 |
Numero Solution 8
x
2,79
7,66
63,69
65,75
67,72
70,64
71,76
73,82
74,80
77,67
81,68
y
2 |7 |63 |64 |65 |66 |67 |68 |69 |70 |71 |72 |73 |74 |75 |76 |77 |79 |80 |81 |82 |
Numero Solution 9
x
2,79
7,66
63,69
65,75
67,72
70,64
71,76
73,82
74,80
77,67
81,68
y
2 |7 |63 |64 |65 |66 |67 |68 |69 |70 |71 |72 |73 |74 |75 |76 |77 |79 |80 |81 |82 |
Numero Solution 10
x
2,79
7,66
63,69
65,75
67,72
70,64
71,76
73,82
74,80
77,67
81,68
y
2 |7 |63 |64 |65 |66 |67 |68 |69 |70 |71 |72 |73 |74 |75 |76 |77 |79 |80 |81 |82 |
Numero Solution 11
x
2,79
7,66
63,69
65,75
67,72
70,64
71,76
73,82
74,80
77,67
81,68
y
2 |7 |63 |64 |65 |66 |67 |68 |69 |70 |71 |72 |73 |74 |75 |76 |77 |79 |80 |81 |82 |
Numero Solution 12
x
2,79
7,66
63,69
65,75
67,72
70,64
71,76
73,82
74,80
77,67
81,68
y
2 |7 |63 |64 |65 |66 |67 |68 |69 |70 |71 |72 |73 |74 |75 |76 |77 |79 |80 |81 |82 |
Numero Solution 13
x
2,79
7,66
63,69
65,75
67,72
70,64
71,76
73,82
74,80
77,67
81,68
y
2 |7 |63 |64 |65 |66 |67 |68 |69 |70 |71 |72 |73 |74 |75 |76 |77 |79 |80 |81 |82 |
Numero Solution 14
x
2,79
7,66
63,69
65,75
67,72
70,64
71,76
73,82
74,80
77,67
81,68
y
2 |7 |63 |64 |65 |66 |67 |68 |69 |70 |71 |72 |73 |74 |75 |76 |77 |79 |80 |81 |82 |
Numero Solution 15
x
2,79
7,66
63,69
65,75
67,72
70,64
71,76
73,82
74,80
77,67
81,68
y
2 |7 |63 |64 |65 |66 |67 |68 |69 |70 |71 |72 |73 |74 |75 |76 |77 |79 |80 |81 |82 |
Numero Solution 16
x
2,79
7,66
63,69
65,75
67,72
70,64
71,76
73,82
74,80
77,67
81,68
y
2 |7 |63 |64 |65 |66 |67 |68 |69 |70 |71 |72 |73 |74 |75 |76 |77 |79 |80 |81 |82 |
Numero Solution 17
x
2,79
7,66
63,69
65,75
67,72
70,64
71,76
73,82
74,80
77,67
81,68
y
2 |7 |63 |64 |65 |66 |67 |68 |69 |70 |71 |72 |73 |74 |75 |76 |77 |79 |80 |81 |82 |
Numero Solution 18
x
2,79
7,66
63,69
65,75
67,72
70,64
71,76
73,82
74,80
77,67
81,68
y
2 |7 |63 |64 |65 |66 |67 |68 |69 |70 |71 |72 |73 |74 |75 |76 |77 |79 |80 |81 |82 |
Numero Solution 19
x
2,79
7,66
63,69
65,75
67,72
70,64
71,76
73,82
74,80
77,67
81,68
y
2 |7 |63 |64 |65 |66 |67 |68 |69 |70 |71 |72 |73 |74 |75 |76 |77 |79 |80 |81 |82 |
Numero Solution 20
x
2,79
7,66
63,69
65,75
67,72
70,64
71,76
73,82
74,80
77,67
81,68
y
2 |7 |63 |64 |65 |66 |67 |68 |69 |70 |71 |72 |73 |74 |75 |76 |77 |79 |80 |81 |82 |
Numero Solution 21
x
2,79
7,66
63,69
65,75
67,72
70,64
71,76
73,82
74,80
77,67
81,68
y
2 |7 |63 |64 |65 |66 |67 |68 |69 |70 |71 |72 |73 |74 |75 |76 |77 |79 |80 |81 |82 |
Numero Solution 22
x
2,79
7,66
63,69
65,75
67,72
70,64
71,76
73,82
74,80
77,67
81,68
y
2 |7 |63 |64 |65 |66 |67 |68 |69 |70 |71 |72 |73 |74 |75 |76 |77 |79 |80 |81 |82 |
Numero Solution 23
x
2,79
7,66
63,69
65,75
67,72
70,64
71,76
73,82
74,80
77,67
81,68
y
2 |7 |63 |64 |65 |66 |67 |68 |69 |70 |71 |72 |73 |74 |75 |76 |77 |79 |80 |81 |82 |
Numero Solution 24
x
2,79
7,66
63,69
65,75
67,72
70,64
71,76
73,82
74,80
77,67
81,68
y
2 |7 |63 |64 |65 |66 |67 |68 |69 |70 |71 |72 |73 |74 |75 |76 |77 |79 |80 |81 |82 |
Numero Solution 25
x
2,79
7,66
63,69
65,75
67,72
70,64
71,76
73,82
74,80
77,67
81,68
y
2 |7 |63 |64 |65 |66 |67 |68 |69 |70 |71 |72 |73 |74 |75 |76 |77 |79 |80 |81 |82 |
Numero Solution 26
x
2,79
7,66
63,69
65,75
67,72
70,64
71,76
73,82
74,80
77,67
81,68
y
2 |7 |63 |64 |65 |66 |67 |68 |69 |70 |71 |72 |73 |74 |75 |76 |77 |79 |80 |81 |82 |
Numero Solution 27
x
2,79
7,66
63,69
65,75
67,72
70,64
71,76
73,82
74,80
77,67
81,68
y
2 |7 |63 |64 |65 |66 |67 |68 |69 |70 |71 |72 |73 |74 |75 |76 |77 |79 |80 |81 |82 |
Numero Solution 28
x
2,79
7,66
63,69
65,75
67,72
70,64
71,76
73,82
74,80
77,67
81,68
y
2 |7 |63 |64 |65 |66 |67 |68 |69 |70 |71 |72 |73 |74 |75 |76 |77 |79 |80 |81 |82 |
Numero Solution 29
x
2,79
7,66
63,69
65,75
67,72
70,64
71,76
73,82
74,80
77,67
81,68
y
2 |7 |63 |64 |65 |66 |67 |68 |69 |70 |71 |72 |73 |74 |75 |76 |77 |79 |80 |81 |82 |
Numero Solution 30
x
2,79
7,66
63,69
65,75
67,72
70,64
71,76
73,82
74,80
77,67
81,68
y
2 |7 |63 |64 |65 |66 |67 |68 |69 |70 |71 |72 |73 |74 |75 |76 |77 |79 |80 |81 |82 |
Numero Solution 31
x
2,79
7,66
63,69
65,75
67,72
70,64
71,76
73,82
74,80
77,67
81,68
y
2 |7 |63 |64 |65 |66 |67 |68 |69 |70 |71 |72 |73 |74 |75 |76 |77 |79 |80 |81 |82 |
Numero Solution 32
x
2,79
7,66
63,69
65,75
67,72
70,64
71,76
73,82
74,80
77,67
81,68
y
2 |7 |63 |64 |65 |66 |67 |68 |69 |70 |71 |72 |73 |74 |75 |76 |77 |79 |80 |81 |82 |
Numero Solution 33
x
2,79
7,66
63,69
65,75
67,72
70,64
71,76
73,82
74,80
77,67
81,68
y
2 |7 |63 |64 |65 |66 |67 |68 |69 |70 |71 |72 |73 |74 |75 |76 |77 |79 |80 |81 |82 |
Numero Solution 34
x
2,79
7,66
63,69
65,75
67,72
70,64
71,76
73,82
74,80
77,67
81,68
y
2 |7 |63 |64 |65 |66 |67 |68 |69 |70 |71 |72 |73 |74 |75 |76 |77 |79 |80 |81 |82 |
Numero Solution 35
x
2,79
7,66
63,69
65,75
67,72
70,64
71,76
73,82
74,80
77,67
81,68
y
2 |7 |63 |64 |65 |66 |67 |68 |69 |70 |71 |72 |73 |74 |75 |76 |77 |79 |80 |81 |82 |
Numero Solution 36
x
2,79
7,66
63,69
65,75
67,72
70,64
71,76
73,82
74,80
77,67
81,68
y
2 |7 |63 |64 |65 |66 |67 |68 |69 |70 |71 |72 |73 |74 |75 |76 |77 |79 |80 |81 |82 |
Numero Solution 37
x
2,79
7,66
63,69
65,75
67,72
70,64
71,76
73,82
74,80
77,67
81,68
y
2 |7 |63 |64 |65 |66 |67 |68 |69 |70 |71 |72 |73 |74 |75 |76 |77 |79 |80 |81 |82 |
Numero Solution 38
x
2,79
7,66
63,69
65,75
67,72
70,64
71,76
73,82
74,80
77,67
81,68
y
2 |7 |63 |64 |65 |66 |67 |68 |69 |70 |71 |72 |73 |74 |75 |76 |77 |79 |80 |81 |82 |
Numero Solution 39
x
2,79
7,66
63,69
65,75
67,72
70,64
71,76
73,82
74,80
77,67
81,68
y
2 |7 |63 |64 |65 |66 |67 |68 |69 |70 |71 |72 |73 |74 |75 |76 |77 |79 |80 |81 |82 |
Numero Solution 40
x
2,79
7,66
63,69
65,75
67,72
70,64
71,76
73,82
74,80
77,67
81,68
y
2 |7 |63 |64 |65 |66 |67 |68 |69 |70 |71 |72 |73 |74 |75 |76 |77 |79 |80 |81 |82 |
Numero Solution 41
x
2,79
7,66
63,69
65,75
67,72
70,64
71,76
73,82
74,80
77,67
81,68
y
2 |7 |63 |64 |65 |66 |67 |68 |69 |70 |71 |72 |73 |74 |75 |76 |77 |79 |80 |81 |82 |
Numero Solution 42
x
2,79
7,66
63,69
65,75
67,72
70,64
71,76
73,82
74,80
77,67
81,68
y
2 |7 |63 |64 |65 |66 |67 |68 |69 |70 |71 |72 |73 |74 |75 |76 |77 |79 |80 |81 |82 |
Numero Solution 43
x
2,79
7,66
63,69
65,75
67,72
70,64
71,76
73,82
74,80
77,67
81,68
y
2 |7 |63 |64 |65 |66 |67 |68 |69 |70 |71 |72 |73 |74 |75 |76 |77 |79 |80 |81 |82 |
Numero Solution 44
x
2,79
7,66
63,69
65,75
67,72
70,64
71,76
73,82
74,80
77,67
81,68
y
2 |7 |63 |64 |65 |66 |67 |68 |69 |70 |71 |72 |73 |74 |75 |76 |77 |79 |80 |81 |82 |
Numero Solution 45
x
2,79
7,66
63,69
65,75
67,72
70,64
71,76
73,82
74,80
77,67
81,68
y
2 |7 |63 |64 |65 |66 |67 |68 |69 |70 |71 |72 |73 |74 |75 |76 |77 |79 |80 |81 |82 |
Numero Solution 46
x
2,79
7,66
63,69
65,75
67,72
70,64
71,76
73,82
74,80
77,67
81,68
y
2 |7 |63 |64 |65 |66 |67 |68 |69 |70 |71 |72 |73 |74 |75 |76 |77 |79 |80 |81 |82 |
Numero Solution 47
x
2,79
7,66
63,69
65,75
67,72
70,64
71,76
73,82
74,80
77,67
81,68
y
2 |7 |63 |64 |65 |66 |67 |68 |69 |70 |71 |72 |73 |74 |75 |76 |77 |79 |80 |81 |82 |
Numero Solution 48
x
2,79
7,66
63,69
65,75
67,72
70,64
71,76
73,82
74,80
77,67
81,68
y
2 |7 |63 |64 |65 |66 |67 |68 |69 |70 |71 |72 |73 |74 |75 |76 |77 |79 |80 |81 |82 |
Numero Solution 49
x
2,79
7,66
63,69
65,75
67,72
70,64
71,76
73,82
74,80
77,67
81,68
y
2 |7 |63 |64 |65 |66 |67 |68 |69 |70 |71 |72 |73 |74 |75 |76 |77 |79 |80 |81 |82 |
Numero Solution 50
x
2,79
7,66
63,69
65,75
67,72
70,64
71,76
73,82
74,80
77,67
81,68
y
2 |7 |63 |64 |65 |66 |67 |68 |69 |70 |71 |72 |73 |74 |75 |76 |77 |79 |80 |81 |82 |
Numero Solution 51
x
2,79
7,66
63,69
65,75
67,72
70,64
71,76
73,82
74,80
77,67
81,68
y
2 |7 |63 |64 |65 |66 |67 |68 |69 |70 |71 |72 |73 |74 |75 |76 |77 |79 |80 |81 |82 |
Numero Solution 52
x
2,79
7,66
63,69
65,75
67,72
70,64
71,76
73,82
74,80
77,67
81,68
y
2 |7 |63 |64 |65 |66 |67 |68 |69 |70 |71 |72 |73 |74 |75 |76 |77 |79 |80 |81 |82 |
Numero Solution 53
x
2,79
7,66
63,69
65,75
67,72
70,64
71,76
73,82
74,80
77,67
81,68
y
2 |7 |63 |64 |65 |66 |67 |68 |69 |70 |71 |72 |73 |74 |75 |76 |77 |79 |80 |81 |82 |
Numero Solution 54
x
2,79
7,66
63,69
65,75
67,72
70,64
71,76
73,82
74,80
77,67
81,68
y
2 |7 |63 |64 |65 |66 |67 |68 |69 |70 |71 |72 |73 |74 |75 |76 |77 |79 |80 |81 |82 |
Numero Solution 55
x
2,79
7,66
63,69
65,75
67,72
70,64
71,76
73,82
74,80
77,67
81,68
y
2 |7 |63 |64 |65 |66 |67 |68 |69 |70 |71 |72 |73 |74 |75 |76 |77 |79 |80 |81 |82 |
Numero Solution 56
x
2,79
7,66
63,69
65,75
67,72
70,64
71,76
73,82
74,80
77,67
81,68
y
2 |7 |63 |64 |65 |66 |67 |68 |69 |70 |71 |72 |73 |74 |75 |76 |77 |79 |80 |81 |82 |
Numero Solution 57
x
2,79
7,66
63,69
65,75
67,72
70,64
71,76
73,82
74,80
77,67
81,68
y
2 |7 |63 |64 |65 |66 |67 |68 |69 |70 |71 |72 |73 |74 |75 |76 |77 |79 |80 |81 |82 |
Numero Solution 58
x
2,79
7,66
63,69
65,75
67,72
70,64
71,76
73,82
74,80
77,67
81,68
y
2 |7 |63 |64 |65 |66 |67 |68 |69 |70 |71 |72 |73 |74 |75 |76 |77 |79 |80 |81 |82 |
Numero Solution 59
x
2,79
7,66
63,69
65,75
67,72
70,64
71,76
73,82
74,80
77,67
81,68
y
2 |7 |63 |64 |65 |66 |67 |68 |69 |70 |71 |72 |73 |74 |75 |76 |77 |79 |80 |81 |82 |
Numero Solution 60
x
2,79
7,66
63,69
65,75
67,72
70,64
71,76
73,82
74,80
77,67
81,68
y
2 |7 |63 |64 |65 |66 |67 |68 |69 |70 |71 |72 |73 |74 |75 |76 |77 |79 |80 |81 |82 |
Numero Solution 61
x
2,79
7,66
63,69
65,75
67,72
70,64
71,76
73,82
74,80
77,67
81,68
y
2 |7 |63 |64 |65 |66 |67 |68 |69 |70 |71 |72 |73 |74 |75 |76 |77 |79 |80 |81 |82 |
Numero Solution 62
x
2,79
7,66
63,69
65,75
67,72
70,64
71,76
73,82
74,80
77,67
81,68
y
2 |7 |63 |64 |65 |66 |67 |68 |69 |70 |71 |72 |73 |74 |75 |76 |77 |79 |80 |81 |82 |
Numero Solution 63
x
2,79
7,66
63,69
65,75
67,72
70,64
71,76
73,82
74,80
77,67
81,68
y
2 |7 |63 |64 |65 |66 |67 |68 |69 |70 |71 |72 |73 |74 |75 |76 |77 |79 |80 |81 |82 |
Numero Solution 64
x
2,79
7,66
63,69
65,75
67,72
70,64
71,76
73,82
74,80
77,67
81,68
y
2 |7 |63 |64 |65 |66 |67 |68 |69 |70 |71 |72 |73 |74 |75 |76 |77 |79 |80 |81 |82 |
Numero Solution 65
x
2,79
7,66
63,69
65,75
67,72
70,64
71,76
73,82
74,80
77,67
81,68
y
2 |7 |63 |64 |65 |66 |67 |68 |69 |70 |71 |72 |73 |74 |75 |76 |77 |79 |80 |81 |82 |
Numero Solution 66
x
2,79
7,66
63,69
65,75
67,72
70,64
71,76
73,82
74,80
77,67
81,68
y
2 |7 |63 |64 |65 |66 |67 |68 |69 |70 |71 |72 |73 |74 |75 |76 |77 |79 |80 |81 |82 |
Numero Solution 67
x
2,79
7,66
63,69
65,75
67,72
70,64
71,76
73,82
74,80
77,67
81,68
y
2 |7 |63 |64 |65 |66 |67 |68 |69 |70 |71 |72 |73 |74 |75 |76 |77 |79 |80 |81 |82 |
Numero Solution 68
x
2,79
7,66
63,69
65,75
67,72
70,64
71,76
73,82
74,80
77,67
81,68
y
2 |7 |63 |64 |65 |66 |67 |68 |69 |70 |71 |72 |73 |74 |75 |76 |77 |79 |80 |81 |82 |
Numero Solution 69
x
2,79
7,66
63,69
65,75
67,72
70,64
71,76
73,82
74,80
77,67
81,68
y
2 |7 |63 |64 |65 |66 |67 |68 |69 |70 |71 |72 |73 |74 |75 |76 |77 |79 |80 |81 |82 |
Numero Solution 70
x
2,79
7,66
63,69
65,75
67,72
70,64
71,76
73,82
74,80
77,67
81,68
y
2 |7 |63 |64 |65 |66 |67 |68 |69 |70 |71 |72 |73 |74 |75 |76 |77 |79 |80 |81 |82 |
Numero Solution 71
x
2,79
7,66
63,69
65,75
67,72
70,64
71,76
73,82
74,80
77,67
81,68
y
2 |7 |63 |64 |65 |66 |67 |68 |69 |70 |71 |72 |73 |74 |75 |76 |77 |79 |80 |81 |82 |
Numero Solution 72
x
2,79
7,66
63,69
65,75
67,72
70,64
71,76
73,82
74,80
77,67
81,68
y
2 |7 |63 |64 |65 |66 |67 |68 |69 |70 |71 |72 |73 |74 |75 |76 |77 |79 |80 |81 |82 |
Numero Solution 73
x
2,79
7,66
63,69
65,75
67,72
70,64
71,76
73,82
74,80
77,67
81,68
y
2 |7 |63 |64 |65 |66 |67 |68 |69 |70 |71 |72 |73 |74 |75 |76 |77 |79 |80 |81 |82 |
Numero Solution 74
x
2,79
7,66
63,69
65,75
67,72
70,64
71,76
73,82
74,80
77,67
81,68
y
2 |7 |63 |64 |65 |66 |67 |68 |69 |70 |71 |72 |73 |74 |75 |76 |77 |79 |80 |81 |82 |
Numero Solution 75
x
2,79
7,66
63,69
65,75
67,72
70,64
71,76
73,82
74,80
77,67
81,68
y
2 |7 |63 |64 |65 |66 |67 |68 |69 |70 |71 |72 |73 |74 |75 |76 |77 |79 |80 |81 |82 |
Numero Solution 76
x
2,79
7,66
63,69
65,75
67,72
70,64
71,76
73,82
74,80
77,67
81,68
y
2 |7 |63 |64 |65 |66 |67 |68 |69 |70 |71 |72 |73 |74 |75 |76 |77 |79 |80 |81 |82 |
Numero Solution 77
x
2,79
7,66
63,69
65,75
67,72
70,64
71,76
73,82
74,80
77,67
81,68
y
2 |7 |63 |64 |65 |66 |67 |68 |69 |70 |71 |72 |73 |74 |75 |76 |77 |79 |80 |81 |82 |
Numero Solution 78
x
2,79
7,66
63,69
65,75
67,72
70,64
71,76
73,82
74,80
77,67
81,68
y
2 |7 |63 |64 |65 |66 |67 |68 |69 |70 |71 |72 |73 |74 |75 |76 |77 |79 |80 |81 |82 |
Numero Solution 79
x
2,79
7,66
63,69
65,75
67,72
70,64
71,76
73,82
74,80
77,67
81,68
y
2 |7 |63 |64 |65 |66 |67 |68 |69 |70 |71 |72 |73 |74 |75 |76 |77 |79 |80 |81 |82 |
Numero Solution 80
x
2,79
7,66
63,69
65,75
67,72
70,64
71,76
73,82
74,80
77,67
81,68
y
2 |7 |63 |64 |65 |66 |67 |68 |69 |70 |71 |72 |73 |74 |75 |76 |77 |79 |80 |81 |82 |
Numero Solution 81
x
2,79
7,66
63,69
65,75
67,72
70,64
71,76
73,82
74,80
77,67
81,68
y
2 |7 |63 |64 |65 |66 |67 |68 |69 |70 |71 |72 |73 |74 |75 |76 |77 |79 |80 |81 |82 |
Numero Solution 82
x
2,79
7,66
63,69
65,75
67,72
70,64
71,76
73,82
74,80
77,67
81,68
y
2 |7 |63 |64 |65 |66 |67 |68 |69 |70 |71 |72 |73 |74 |75 |76 |77 |79 |80 |81 |82 |
Numero Solution 83
x
2,79
7,66
63,69
65,75
67,72
70,64
71,76
73,82
74,80
77,67
81,68
y
2 |7 |63 |64 |65 |66 |67 |68 |69 |70 |71 |72 |73 |74 |75 |76 |77 |79 |80 |81 |82 |
Numero Solution 84
x
2,79
7,66
63,69
65,75
67,72
70,64
71,76
73,82
74,80
77,67
81,68
y
2 |7 |63 |64 |65 |66 |67 |68 |69 |70 |71 |72 |73 |74 |75 |76 |77 |79 |80 |81 |82 |
Numero Solution 85
x
2,79
7,66
63,69
65,75
67,72
70,64
71,76
73,82
74,80
77,67
81,68
y
2 |7 |63 |64 |65 |66 |67 |68 |69 |70 |71 |72 |73 |74 |75 |76 |77 |79 |80 |81 |82 |
Numero Solution 86
x
2,79
7,66
63,69
65,75
67,72
70,64
71,76
73,82
74,80
77,67
81,68
y
2 |7 |63 |64 |65 |66 |67 |68 |69 |70 |71 |72 |73 |74 |75 |76 |77 |79 |80 |81 |82 |
Numero Solution 87
x
2,79
7,66
63,69
65,75
67,72
70,64
71,76
73,82
74,80
77,67
81,68
y
2 |7 |63 |64 |65 |66 |67 |68 |69 |70 |71 |72 |73 |74 |75 |76 |77 |79 |80 |81 |82 |
Numero Solution 88
x
2,79
7,66
63,69
65,75
67,72
70,64
71,76
73,82
74,80
77,67
81,68
y
2 |7 |63 |64 |65 |66 |67 |68 |69 |70 |71 |72 |73 |74 |75 |76 |77 |79 |80 |81 |82 |
Numero Solution 89
x
2,79
7,66
63,69
65,75
67,72
70,64
71,76
73,82
74,80
77,67
81,68
y
2 |7 |63 |64 |65 |66 |67 |68 |69 |70 |71 |72 |73 |74 |75 |76 |77 |79 |80 |81 |82 |
Numero Solution 90
x
2,79
7,66
63,69
65,75
67,72
70,64
71,76
73,82
74,80
77,67
81,68
y
2 |7 |63 |64 |65 |66 |67 |68 |69 |70 |71 |72 |73 |74 |75 |76 |77 |79 |80 |81 |82 |
Numero Solution 91
x
2,79
7,66
63,69
65,75
67,72
70,64
71,76
73,82
74,80
77,67
81,68
y
2 |7 |63 |64 |65 |66 |67 |68 |69 |70 |71 |72 |73 |74 |75 |76 |77 |79 |80 |81 |82 |
Numero Solution 92
x
2,79
7,66
63,69
65,75
67,72
70,64
71,76
73,82
74,80
77,67
81,68
y
2 |7 |63 |64 |65 |66 |67 |68 |69 |70 |71 |72 |73 |74 |75 |76 |77 |79 |80 |81 |82 |
Numero Solution 93
x
2,79
7,66
63,69
65,75
67,72
70,64
71,76
73,82
74,80
77,67
81,68
y
2 |7 |63 |64 |65 |66 |67 |68 |69 |70 |71 |72 |73 |74 |75 |76 |77 |79 |80 |81 |82 |
Numero Solution 94
x
2,79
7,66
63,69
65,75
67,72
70,64
71,76
73,82
74,80
77,67
81,68
y
2 |7 |63 |64 |65 |66 |67 |68 |69 |70 |71 |72 |73 |74 |75 |76 |77 |79 |80 |81 |82 |
Numero Solution 95
x
2,79
7,66
63,69
65,75
67,72
70,64
71,76
73,82
74,80
77,67
81,68
y
2 |7 |63 |64 |65 |66 |67 |68 |69 |70 |71 |72 |73 |74 |75 |76 |77 |79 |80 |81 |82 |
Numero Solution 96
x
2,79
7,66
63,69
65,75
67,72
70,64
71,76
73,82
74,80
77,67
81,68
y
2 |7 |63 |64 |65 |66 |67 |68 |69 |70 |71 |72 |73 |74 |75 |76 |77 |79 |80 |81 |82 |
Numero Solution 97
x
2,79
7,66
63,69
65,75
67,72
70,64
71,76
73,82
74,80
77,67
81,68
y
2 |7 |63 |64 |65 |66 |67 |68 |69 |70 |71 |72 |73 |74 |75 |76 |77 |79 |80 |81 |82 |
Numero Solution 98
x
2,79
7,66
63,69
65,75
67,72
70,64
71,76
73,82
74,80
77,67
81,68
y
2 |7 |63 |64 |65 |66 |67 |68 |69 |70 |71 |72 |73 |74 |75 |76 |77 |79 |80 |81 |82 |
Numero Solution 99
x
2,79
7,66
63,69
65,75
67,72
70,64
71,76
73,82
74,80
77,67
81,68
y
2 |7 |63 |64 |65 |66 |67 |68 |69 |70 |71 |72 |73 |74 |75 |76 |77 |79 |80 |81 |82 |